ô          headroom  gain SC  gain K2 |         Δ cùng harm (ms)  %head   %SC | K2 cần harm (×α) để bằng gain SC
NEG_P2_cu    15.311    4.112    4.188 |  +0.076 [-0.014, +0.173]   0.50     2 | 0.96
m069         17.989    1.465    2.113 |  +0.648 [+0.318, +0.986]   3.60    44 | 0.49
m071          9.733    1.000    1.243 |  +0.243 [+0.112, +0.366]   2.50    24 | 0.63
m085          9.531    0.910    1.628 |  +0.719 [+0.549, +0.930]   7.54    79 | 0.24
m070          8.376    1.416    1.742 |  +0.327 [+0.213, +0.442]   3.90    23 | 0.62
m087          6.846    0.947    1.507 |  +0.560 [+0.373, +0.791]   8.19    59 | 0.27
m084          7.714    1.728    2.223 |  +0.494 [+0.347, +0.704]   6.41    29 | 0.57
m086          5.082    1.236    1.568 |  +0.332 [+0.212, +0.455]   6.54    27 | 0.54
m080          1.192    0.340    0.430 |  +0.090 [+0.074, +0.102]   7.58    27 | 0.34
m083          0.993    0.233    0.291 |  +0.058 [+0.040, +0.079]   5.81    25 | 0.50
